1
0.66756
0.59552
0.5694
0.5714399999999999
0.57312
0.60472
0.6736799999999999
1
0.67452
0.59928
0.57492
0.5600000000000001
0.56824
0.59816
0.671
1
0.68736
0.61992
0.58124
0.5813199999999999
0.58428
0.61224
0.6744
1
0.6657999999999999
0.59616
0.56804
0.56184
0.55988
0.5962
0.66284
1
0.675
0.6036
0.58028
0.57608
0.58636
0.6109599999999999
0.68332
1
0.673
0.5960800000000001
0.57348
0.5634400000000001
0.57356
0.594
0.6694
1
0.6692399999999999
0.59696
0.57504
0.56148
0.56616
0.5936
0.67404
1
0.67736
0.61072
0.57912
0.57324
0.58568
0.6082
0.67576
1
0.6706800000000001
0.59504
0.5724
0.56416
0.5666
0.59188
0.67228
1
0.66944
0.59644
0.5724
0.5649999999999999
0.57316
0.60732
0.6751200000000001
